乾                        0:[4, 0, 622, 1013, 1032]
貴士                       0:[1, 1]
（                        0:[2, 2, 311];1:[4, 2, 266, 270, 278];2:[1, 2];3:[2, 2, 21];4:[9, 4, 231, 267, 366, 394, 433, 530, 551, 660]
い                        0:[3, 3, 53, 1009];3:[1, 209];4:[1, 98]
ぬい                       0:[1, 4]
た                        0:[59, 5, 54, 116, 126, 140, 145, 167, 178, 205, 227, 250, 263, 329, 423, 462, 480, 498, 535, 549, 576, 593, 604, 626, 638, 710, 741, 781, 797, 827, 857, 862, 893, 928, 958, 980, 986, 1010, 1021, 1054, 1081, 1108, 1140, 1169, 1187, 1209, 1253, 1266, 1291, 1310, 1351, 1371, 1385, 1401, 1408, 1425, 1436, 1453, 1481, 1507];1:[12, 68, 120, 141, 165, 180, 192, 215, 228, 245, 288, 299, 317];2:[17, 101, 153, 184, 208, 225, 240, 261, 289, 297, 321, 346, 376, 394, 412, 427, 437, 456];3:[42, 68, 90, 116, 140, 175, 189, 210, 217, 231, 280, 304, 311, 328, 340, 378, 397, 442, 494, 511, 523, 586, 626, 652, 692, 714, 767, 789, 816, 842, 861, 878, 917, 947, 962, 986, 1032, 1068, 1082, 1092, 1102, 1144, 1171];4:[19, 65, 99, 103, 105, 175, 215, 331, 343, 373, 448, 456, 463, 574, 586, 602, 610, 618, 695, 700]
か                        0:[1, 6];2:[1, 5]
し                        0:[23, 7, 51, 115, 242, 328, 394, 402, 416, 497, 534, 603, 709, 740, 780, 817, 979, 1018, 1030, 1071, 1139, 1208, 1299, 1424];1:[10, 35, 65, 67, 105, 119, 160, 209, 227, 244, 316];2:[9, 42, 100, 152, 224, 260, 277, 288, 375, 426];3:[19, 114, 174, 229, 279, 292, 327, 339, 481, 585, 625, 651, 691, 856, 877, 912, 916, 961, 985, 1056];4:[12, 174, 227, 274, 286, 321, 330, 342, 399, 443, 447, 601, 694]
、                        0:[77, 8, 18, 35, 58, 76, 84, 95, 110, 129, 135, 150, 170, 207, 219, 231, 243, 265, 295, 306, 316, 337, 364, 395, 403, 417, 431, 454, 468, 490, 523, 542, 551, 565, 583, 595, 612, 646, 655, 668, 689, 696, 718, 747, 765, 787, 803, 818, 842, 879, 906, 938, 951, 967, 996, 1012, 1031, 1061, 1072, 1089, 1120, 1153, 1160, 1192, 1217, 1225, 1243, 1274, 1283, 1300, 1316, 1335, 1373, 1392, 1445, 1459, 1473, 1516];1:[13, 7, 9, 19, 51, 57, 106, 130, 149, 170, 242, 253, 262, 307];2:[25, 8, 10, 20, 68, 78, 93, 110, 128, 140, 159, 167, 198, 212, 242, 255, 267, 278, 302, 323, 349, 355, 367, 384, 416, 450];3:[56, 5, 15, 83, 103, 121, 147, 166, 181, 193, 201, 233, 258, 272, 284, 293, 306, 342, 365, 370, 381, 387, 405, 444, 482, 501, 513, 541, 564, 600, 606, 611, 615, 629, 669, 700, 718, 736, 750, 772, 784, 793, 818, 832, 844, 857, 882, 892, 919, 938, 951, 971, 990, 1038, 1058, 1094, 1106];4:[30, 10, 20, 42, 51, 68, 107, 128, 145, 154, 208, 228, 275, 287, 322, 335, 359, 383, 400, 403, 420, 450, 476, 487, 501, 506, 542, 575, 613, 645, 678]
1988                     0:[1, 9]
年                        0:[31, 10, 57, 181, 233, 280, 320, 332, 349, 354, 361, 369, 426, 437, 607, 641, 663, 691, 713, 872, 962, 971, 975, 1084, 1191, 1212, 1238, 1246, 1269, 1302, 1313, 1440];1:[8, 11, 53, 91, 144, 231, 248, 259, 302];2:[12, 12, 60, 67, 112, 142, 156, 188, 211, 264, 379, 430, 445];3:[18, 7, 119, 192, 283, 425, 446, 453, 526, 655, 717, 792, 863, 869, 881, 950, 989, 1105, 1148];4:[16, 12, 127, 147, 156, 191, 251, 307, 334, 338, 358, 362, 375, 435, 466, 500, 631]
6                        0:[8, 11, 234, 355, 427, 516, 963, 1142, 1284];1:[2, 249, 303];2:[2, 114, 265];3:[1, 964];4:[2, 13, 250]
月                        0:[31, 12, 235, 282, 298, 334, 351, 356, 376, 428, 465, 609, 643, 665, 693, 715, 744, 784, 800, 876, 940, 964, 1058, 1086, 1117, 1145, 1214, 1240, 1271, 1285, 1315, 1442];1:[7, 13, 146, 169, 219, 250, 261, 304];2:[6, 14, 158, 170, 266, 293, 432];3:[9, 9, 235, 427, 455, 561, 666, 702, 1035, 1159];4:[4, 14, 309, 468, 633]
2                        0:[16, 13, 67, 163, 193, 287, 339, 483, 812, 959, 1116, 1146, 1161, 1203, 1301, 1339, 1363];1:[1, 269];2:[3, 218, 325, 353];3:[10, 8, 295, 646, 667, 671, 683, 805, 1010, 1084, 1154];4:[2, 182, 337]
日                        0:[27, 14, 284, 300, 336, 378, 430, 467, 611, 645, 667, 695, 717, 746, 786, 802, 878, 966, 1060, 1088, 1119, 1147, 1176, 1216, 1242, 1273, 1287, 1444];1:[4, 15, 148, 252, 306];2:[1, 16];3:[10, 11, 237, 411, 429, 457, 563, 668, 704, 1037, 1161];4:[1, 16]
-                        0:[8, 15, 504, 538, 579, 684, 865, 1162, 1194];1:[1, 16];2:[5, 17, 122, 134, 194, 232];3:[10, 12, 260, 742, 796, 824, 884, 895, 953, 998, 1014];4:[2, 17, 236]
）                        0:[2, 16, 313];1:[4, 17, 274, 275, 282];2:[1, 18];3:[2, 13, 26];4:[9, 18, 233, 271, 368, 396, 439, 532, 555, 668]
は                        0:[29, 17, 33, 149, 172, 209, 256, 260, 414, 541, 560, 572, 582, 588, 601, 688, 725, 756, 811, 835, 850, 868, 905, 995, 1033, 1112, 1375, 1391, 1492, 1515];1:[7, 18, 50, 85, 94, 184, 310, 324];2:[12, 19, 29, 197, 230, 237, 301, 331, 383, 397, 404, 441, 463];3:[20, 14, 24, 41, 65, 108, 200, 257, 333, 357, 476, 485, 520, 628, 706, 761, 970, 1020, 1075, 1096, 1146];4:[18, 19, 71, 93, 149, 158, 177, 193, 222, 291, 349, 382, 415, 426, 475, 580, 584, 629, 649]
滋賀                       0:[3, 19, 45, 59]
県                        0:[2, 20, 46];1:[1, 41];2:[1, 47];3:[2, 17, 132];4:[2, 33, 78]
近江八幡                     0:[1, 21]
市                        0:[1, 22];1:[1, 43];2:[1, 49];3:[1, 19];4:[2, 35, 80]
出身                       0:[1, 23];1:[1, 44];2:[1, 52];3:[1, 20];4:[1, 36]
の                        0:[65, 24, 47, 72, 80, 90, 98, 212, 248, 285, 301, 318, 322, 341, 359, 370, 379, 406, 448, 451, 470, 507, 510, 525, 586, 614, 623, 630, 673, 700, 721, 727, 751, 768, 806, 814, 833, 845, 883, 900, 913, 932, 941, 944, 949, 953, 973, 1100, 1124, 1148, 1165, 1177, 1223, 1248, 1277, 1304, 1320, 1329, 1341, 1357, 1397, 1413, 1419, 1464, 1485, 1505];1:[15, 21, 30, 72, 136, 153, 195, 197, 203, 220, 232, 276, 284, 292, 312, 326];2:[15, 22, 37, 55, 82, 162, 190, 204, 271, 327, 342, 369, 380, 403, 418, 465];3:[46, 27, 49, 53, 71, 106, 177, 238, 263, 298, 350, 360, 383, 390, 409, 434, 464, 503, 548, 589, 596, 602, 619, 645, 673, 720, 763, 800, 852, 871, 927, 941, 957, 976, 980, 1002, 1012, 1041, 1050, 1061, 1071, 1109, 1117, 1135, 1145, 1149, 1162];4:[26, 22, 74, 81, 135, 138, 152, 161, 169, 176, 218, 253, 255, 294, 423, 469, 490, 493, 509, 513, 518, 526, 538, 634, 637, 655, 667]
プロ                       0:[2, 25, 201];3:[3, 28, 576, 640]
サッカー                     0:[3, 26, 105, 852];3:[3, 29, 128, 753]
選手                       0:[4, 27, 214, 512, 1427];1:[3, 23, 138, 237];2:[4, 24, 164, 341, 371];3:[6, 30, 184, 499, 764, 853, 1136];4:[4, 25, 535, 647, 696]
。                        0:[47, 28, 31, 37, 40, 55, 66, 117, 141, 168, 179, 189, 228, 254, 278, 330, 347, 374, 389, 424, 463, 481, 499, 536, 577, 605, 621, 639, 661, 682, 711, 742, 782, 798, 828, 863, 874, 1082, 1115, 1141, 1210, 1236, 1267, 1311, 1352, 1386, 1511, 1525];1:[20, 24, 38, 39, 45, 69, 82, 89, 121, 128, 142, 166, 181, 193, 216, 229, 246, 257, 300, 318, 328];2:[20, 27, 31, 45, 53, 65, 102, 154, 174, 185, 209, 226, 262, 290, 315, 337, 377, 395, 428, 457, 467];3:[45, 31, 39, 43, 46, 57, 62, 77, 117, 152, 190, 198, 218, 248, 281, 329, 354, 379, 398, 423, 451, 470, 495, 524, 537, 559, 587, 653, 664, 693, 715, 758, 790, 838, 879, 902, 948, 987, 1006, 1033, 1069, 1083, 1103, 1130, 1157, 1172];4:[21, 26, 31, 37, 57, 91, 125, 165, 188, 247, 305, 332, 356, 464, 484, 498, 603, 622, 659, 687, 691, 701]
リーガ・エスパニョーラ・デポルティーボ・アラベス 0:[1, 29]
所属                       0:[3, 30, 50, 509];1:[1, 34];2:[1, 41];3:[2, 38, 1134];4:[1, 30]
ポジション                    0:[1, 32];3:[1, 40]
ミッドフィールダー                0:[1, 34]
フォワード                    0:[1, 36];3:[1, 42]
日本                       0:[6, 38, 836, 843, 1196, 1275, 1465];1:[3, 20, 185, 235];2:[2, 21, 270];3:[8, 44, 707, 744, 826, 886, 955, 979, 1123];4:[5, 21, 201, 502, 559, 646]
代表                       0:[10, 39, 844, 1197, 1234, 1249, 1261, 1276, 1305, 1331, 1466];1:[2, 186, 236];2:[4, 105, 108, 178, 215];3:[12, 45, 498, 708, 745, 827, 887, 956, 1017, 1053, 1124, 1139, 1166];4:[3, 202, 560, 638]
小中学生                     0:[1, 41]
時代                       0:[2, 42, 1042];1:[1, 48];3:[1, 64];4:[1, 517]
に                        0:[40, 43, 49, 64, 108, 152, 158, 182, 216, 269, 275, 326, 344, 367, 383, 392, 400, 435, 439, 502, 532, 568, 574, 591, 636, 946, 1016, 1035, 1167, 1173, 1198, 1205, 1279, 1288, 1323, 1390, 1404, 1428, 1448, 1457, 1468];1:[11, 33, 49, 63, 76, 87, 93, 102, 178, 183, 187, 234];2:[18, 40, 77, 98, 171, 180, 200, 206, 222, 245, 274, 294, 334, 360, 372, 390, 433, 448, 454];3:[36, 80, 112, 150, 185, 196, 222, 287, 337, 348, 376, 412, 417, 430, 449, 458, 507, 552, 604, 624, 689, 705, 709, 746, 756, 768, 828, 836, 875, 888, 900, 914, 945, 983, 1004, 1125, 1140];4:[23, 76, 88, 118, 120, 123, 148, 157, 180, 192, 203, 225, 257, 272, 310, 319, 328, 458, 461, 556, 561, 592, 599, 683]
地元                       0:[1, 44]
セゾンフットボールクラブ             0:[1, 48]
て                        0:[8, 52, 598, 732, 1008, 1019, 1094, 1202, 1500];1:[2, 36, 210];2:[2, 43, 406];3:[6, 208, 687, 699, 728, 730, 1057];4:[9, 50, 97, 240, 245, 284, 303, 444, 674, 685]
2004                     0:[1, 56]
県立                       0:[1, 60];3:[1, 155]
野洲                       0:[1, 61]
高等                       0:[2, 62, 103];2:[1, 73];3:[3, 126, 143, 157];4:[1, 53]
学校                       0:[2, 63, 104];2:[1, 74];3:[3, 127, 144, 158];4:[1, 54]
進学                       0:[1, 65];1:[1, 88];3:[1, 81]
年生                       0:[1, 68];3:[1, 105]
で                        0:[40, 69, 120, 148, 200, 305, 363, 386, 474, 485, 571, 629, 659, 677, 687, 703, 724, 755, 760, 791, 810, 832, 837, 887, 904, 912, 994, 1127, 1152, 1164, 1182, 1228, 1260, 1344, 1360, 1377, 1381, 1422, 1431, 1491, 1514];1:[5, 56, 71, 157, 206, 223];2:[9, 25, 57, 203, 229, 269, 300, 339, 382, 440];3:[30, 135, 160, 244, 256, 320, 395, 475, 492, 515, 575, 591, 609, 618, 636, 676, 765, 775, 803, 849, 908, 922, 969, 978, 1019, 1043, 1052, 1074, 1078, 1108, 1165];4:[26, 67, 109, 140, 185, 211, 221, 238, 278, 290, 296, 340, 348, 352, 364, 369, 381, 391, 414, 425, 474, 480, 579, 589, 641, 644, 648]
左                        0:[2, 70, 1493]
ウイング                     0:[1, 71]
レギュラー                    0:[2, 73, 391];1:[1, 55];2:[1, 257];3:[1, 517]
を                        0:[49, 74, 113, 124, 138, 143, 154, 165, 176, 203, 223, 252, 271, 314, 409, 421, 478, 488, 495, 518, 521, 707, 730, 735, 763, 770, 778, 795, 816, 825, 891, 926, 977, 1006, 1028, 1038, 1049, 1092, 1137, 1158, 1185, 1264, 1308, 1333, 1349, 1369, 1383, 1399, 1476, 1521];1:[7, 117, 124, 163, 213, 225, 255, 314];2:[8, 63, 150, 252, 286, 313, 365, 423, 443];3:[46, 55, 88, 100, 145, 162, 179, 214, 227, 266, 270, 277, 290, 300, 325, 335, 345, 352, 368, 372, 401, 421, 468, 479, 550, 557, 583, 622, 649, 681, 685, 778, 782, 787, 809, 814, 821, 854, 910, 929, 943, 1024, 1030, 1054, 1080, 1090, 1169];4:[24, 48, 101, 112, 115, 142, 172, 234, 243, 282, 301, 313, 354, 397, 409, 418, 440, 482, 496, 540, 572, 594, 607, 616, 681]
つかみ                      0:[1, 75]
一                        0:[1, 77];2:[1, 187]
学年                       0:[1, 78];1:[1, 74]
上                        0:[1, 79]
楠                        0:[1, 81]
神                        0:[1, 82]
順平                       0:[1, 83]
青木                       0:[1, 85]
孝                        0:[1, 86]
太                        0:[1, 87];3:[1, 1152]
や                        0:[3, 88, 294, 991];1:[1, 59];2:[1, 106];3:[1, 544];4:[1, 515]
同級生                      0:[1, 89];2:[1, 81]
田中                       0:[1, 91]
雄大                       0:[1, 92]
ら                        0:[1, 93];2:[1, 85]
とともに                     0:[2, 94, 1232];2:[1, 86]
2005                     0:[1, 96]
年度                       0:[1, 97]
第                        0:[12, 99, 192, 288, 556, 648, 670, 697, 748, 880, 897, 1121, 1338];1:[1, 200];2:[3, 113, 217, 324];3:[7, 122, 314, 567, 670, 903, 963, 1009];4:[2, 194, 543]
84                       0:[1, 100]
回                        0:[1, 101];2:[2, 115, 219];3:[2, 124, 965];4:[2, 196, 545]
全国                       0:[1, 102];3:[2, 125, 148];4:[1, 344]
選手権                      0:[2, 106, 146];1:[1, 99];2:[4, 125, 138, 146, 439];3:[2, 129, 1000];4:[9, 131, 200, 379, 472, 489, 512, 548, 578, 636]
大会                       0:[6, 107, 111, 147, 1222, 1382, 1387];1:[1, 100];2:[3, 126, 139, 147];3:[7, 130, 133, 149, 182, 820, 864, 968];4:[7, 132, 134, 217, 241, 347, 380, 473]
出場                       0:[16, 109, 221, 388, 401, 529, 545, 561, 599, 762, 776, 1070, 1078, 1090, 1207, 1298, 1321];1:[4, 64, 159, 208, 243];2:[3, 205, 223, 336];3:[8, 113, 151, 168, 392, 757, 837, 1077, 1168];4:[3, 273, 341, 557]
優勝                       0:[1, 112];1:[1, 101];2:[6, 92, 96, 127, 148, 273, 447];4:[7, 141, 285, 298, 353, 460, 481, 598]
経験                       0:[1, 114];2:[1, 151]
チーム                      0:[10, 118, 171, 255, 317, 404, 413, 456, 524, 1362, 1374];2:[2, 347, 442];3:[6, 176, 382, 502, 601, 631, 1095];4:[1, 408]
全体                       0:[1, 119]
高い                       0:[1, 121];4:[1, 527]
技術                       0:[1, 122];4:[2, 666, 680]
力                        0:[1, 123];3:[1, 505]
誇っ                       0:[1, 125]
こと                       0:[4, 127, 635, 981, 1478];1:[1, 289];2:[1, 407];3:[1, 375];4:[1, 66]
より                       0:[2, 128, 1014];2:[1, 61];3:[3, 528, 540, 657]
セクシー                     0:[1, 130]
フットボール                   0:[1, 131]
と                        0:[18, 132, 246, 514, 859, 916, 922, 969, 1000, 1043, 1052, 1079, 1096, 1131, 1251, 1366, 1451, 1479, 1523];1:[3, 5, 126, 139];2:[4, 165, 254, 414, 421];3:[13, 51, 309, 385, 404, 519, 594, 639, 807, 866, 934, 1049, 1088, 1100];4:[9, 144, 293, 386, 407, 422, 452, 537, 612, 698]
呼ば                       0:[1, 133]
れ                        0:[16, 134, 160, 218, 461, 861, 937, 957, 985, 1107, 1201, 1282, 1290, 1326, 1407, 1435, 1472];1:[3, 191, 241, 298];2:[4, 183, 296, 393, 436];3:[12, 188, 303, 441, 510, 713, 749, 831, 891, 937, 1067, 1122, 1143];4:[3, 207, 214, 372]
その                       0:[1, 136];4:[1, 576]
中心                       0:[1, 137]
担っ                       0:[1, 139]
連覇                       0:[1, 142];3:[1, 137]
目指し                      0:[1, 144]
直前                       0:[1, 151];3:[2, 221, 799]
スパイク                     0:[1, 153];1:[1, 109]
盗ま                       0:[1, 155]
れる                       0:[1, 156];3:[1, 1129];4:[1, 569]
事件                       0:[1, 157]
巻き込ま                     0:[1, 159]
ながら                      0:[1, 161];3:[2, 169, 632];4:[1, 566]
も                        0:[8, 162, 412, 486, 738, 838, 1183, 1361, 1429];1:[1, 108];2:[3, 235, 280, 452];3:[2, 516, 769];4:[6, 163, 186, 204, 670, 676, 689]
得点                       0:[11, 164, 310, 408, 587, 681, 794, 813, 824, 890, 1263, 1348];3:[13, 276, 324, 504, 638, 648, 680, 684, 777, 839, 975, 1079, 1087, 1116]
挙げ                       0:[1, 166];3:[2, 1031, 1081]
しかし                      0:[1, 169];3:[1, 380]
3                        0:[7, 173, 360, 491, 871, 974, 987, 1144];2:[1, 15];3:[12, 261, 428, 665, 701, 773, 776, 972, 974, 1036, 1113, 1115, 1158];4:[4, 235, 361, 392, 632]
回戦                       0:[2, 174, 1356]
敗退                       0:[1, 175];3:[1, 1099]
喫し                       0:[1, 177]
2007                     0:[1, 180];2:[1, 111]
横浜                       0:[3, 183, 197, 210]
F                        0:[1, 184]
・                        0:[6, 185, 195, 445, 1023, 1220, 1257];1:[1, 111];3:[3, 34, 530, 570];4:[4, 7, 261, 269, 553]
マリノス                     0:[1, 186]
へ                        0:[4, 187, 238, 447, 618];1:[1, 283];3:[4, 433, 463, 534, 661];4:[1, 525]
入団                       0:[2, 188, 989];1:[2, 285, 313];2:[1, 173];3:[1, 197]
J                        0:[4, 190, 257, 286, 323];3:[3, 32, 312, 565]
1                        0:[23, 191, 258, 307, 324, 335, 368, 418, 433, 436, 589, 664, 714, 743, 785, 929, 965, 1085, 1163, 1213, 1245, 1355, 1441, 1482];1:[5, 29, 52, 73, 145, 201];2:[3, 36, 59, 157];3:[5, 104, 313, 566, 904, 1086];4:[4, 237, 467, 652, 671]
節                        0:[12, 194, 290, 558, 650, 672, 699, 750, 805, 882, 899, 1064, 1123];3:[4, 252, 316, 569, 672]
対                        0:[1, 196];1:[1, 154];3:[1, 571]
FC                       0:[6, 198, 380, 752, 807, 902, 947];3:[4, 66, 416, 462, 474]
戦                        0:[33, 199, 293, 304, 382, 397, 473, 570, 585, 653, 676, 679, 702, 720, 723, 754, 790, 809, 831, 886, 903, 1067, 1076, 1126, 1151, 1181, 1227, 1259, 1295, 1306, 1340, 1343, 1359, 1488];1:[3, 156, 202, 205];2:[2, 326, 329];3:[19, 111, 159, 243, 246, 255, 274, 319, 322, 574, 580, 634, 675, 905, 907, 1011, 1018, 1073, 1111, 1164];4:[3, 224, 413, 550]
デビュー                     0:[2, 202, 1235];1:[2, 162, 212];3:[1, 247]
果たし                      0:[4, 204, 764, 1309, 1334];1:[1, 214];3:[1, 1170];4:[2, 244, 419]
ものの                      0:[1, 206];2:[1, 322];3:[4, 232, 341, 512, 843]
以降                       0:[2, 208, 559];2:[1, 330]
FM                       0:[1, 211]
厚い                       0:[1, 213]
層                        0:[1, 215]
阻ま                       0:[1, 217]
なかなか                     0:[1, 220];3:[1, 343]
機会                       0:[5, 222, 546, 562, 600, 1091]
得                        0:[1, 224]
られ                       0:[3, 225, 273, 841];3:[3, 102, 216, 698]
なかっ                      0:[2, 226, 262];3:[3, 115, 522, 841];4:[1, 585]
この                       0:[2, 229, 829];3:[5, 399, 483, 538, 694, 920];4:[1, 166]
ため                       0:[1, 230];4:[1, 457]
2008                     0:[1, 232];2:[2, 66, 141]
から                       0:[8, 236, 352, 457, 823, 849, 1495, 1498, 1504];1:[1, 54];2:[1, 250];3:[5, 95, 262, 332, 389, 726]
セレッソ大阪                   0:[2, 237, 274]
期限                       0:[2, 239, 1101];3:[2, 435, 465]
付き                       0:[3, 240, 373, 1102];3:[2, 436, 466]
移籍                       0:[9, 241, 277, 346, 450, 620, 1017, 1073, 1103, 1154];3:[7, 407, 420, 437, 467, 536, 663, 677]
香川                       0:[1, 244]
真司                       0:[1, 245]
息                        0:[1, 247]
合っ                       0:[1, 249]
プレー                      0:[3, 251, 631, 729];3:[1, 87]
披露                       0:[1, 253]
昇格                       0:[4, 259, 325, 420, 440]
なら                       0:[1, 261];3:[1, 521]
が                        0:[16, 264, 453, 547, 550, 554, 563, 594, 632, 854, 934, 982, 1011, 1025, 1104, 1372, 1509];1:[3, 80, 286, 290];2:[3, 241, 344, 408];3:[14, 206, 305, 393, 438, 443, 599, 696, 724, 817, 918, 1047, 1063, 1093, 1119];4:[10, 59, 95, 106, 429, 449, 454, 521, 533, 587, 657]
シーズン                     0:[8, 266, 506, 540, 581, 596, 686, 867, 1097];2:[3, 196, 234, 243];3:[7, 331, 351, 356, 527, 539, 656, 940]
終了                       0:[3, 267, 1098, 1388]
後                        0:[5, 268, 1015, 1074, 1155, 1389];1:[1, 84];3:[4, 82, 578, 642, 678]
活躍                       0:[7, 270, 520, 815, 834, 933, 1398, 1423];1:[1, 66];2:[2, 259, 364];3:[6, 76, 556, 695, 781, 977, 1118];4:[1, 514]
認め                       0:[1, 272];3:[1, 697]
完全                       0:[4, 276, 345, 449, 619];3:[3, 535, 551, 662]
2009                     0:[2, 279, 1211];2:[2, 155, 193]
5                        0:[8, 281, 649, 799, 1109, 1270, 1314, 1402, 1443];2:[1, 358];3:[1, 136];4:[1, 72]
23                       0:[3, 283, 644, 1118];3:[2, 999, 1015]
17                       0:[3, 289, 898, 1059];3:[3, 456, 797, 825]
アビスパ                     0:[1, 291]
福岡                       0:[1, 292];2:[2, 46, 48]
同年                       0:[1, 296];1:[2, 167, 217];2:[2, 168, 291]
11                       0:[6, 297, 348, 692, 757, 1113, 1239];2:[2, 233, 292];3:[2, 10, 637]
8                        0:[9, 299, 333, 350, 375, 608, 716, 1047, 1057, 1188];1:[1, 218];2:[1, 431];3:[4, 171, 426, 454, 873]
ザスパ                      0:[1, 302]
草津                       0:[1, 303]
試合                       0:[7, 308, 399, 484, 492, 758, 1136, 1204];2:[1, 333];3:[6, 774, 835, 921, 973, 1085, 1114];4:[2, 524, 581]
4                        0:[4, 309, 319, 783, 1055];1:[2, 90, 168];2:[1, 169];3:[4, 234, 236, 834, 932];4:[2, 308, 494]
ハットトリック                  0:[1, 312];3:[3, 161, 582, 909]
決め                       0:[11, 315, 479, 489, 796, 892, 927, 1159, 1186, 1265, 1350, 1370];3:[2, 271, 686]
ぶり                       0:[4, 321, 438, 1247, 1303];2:[1, 446];3:[1, 870]
貢献                       0:[2, 327, 533];1:[1, 104];2:[2, 99, 276];3:[4, 690, 876, 915, 984];4:[1, 600]
2011                     0:[1, 331];2:[1, 263];3:[2, 118, 791]
ドイツ                      0:[2, 338, 432]
部                        0:[3, 340, 419, 434];4:[4, 62, 139, 153, 162]
VfL                      0:[1, 342]
ボーフム                     0:[2, 343, 365]
14                       0:[6, 353, 539, 1004, 1027, 1036, 1241];3:[1, 703]
末                        0:[1, 357];3:[1, 120]
まで                       0:[3, 358, 972, 1099];2:[1, 400];3:[2, 172, 760]
契約                       0:[2, 362, 976]
側                        0:[1, 366]
延長                       0:[1, 371]
オプション                    0:[1, 372]
12                       0:[3, 377, 875, 939]
ザンクトパウリ                  0:[1, 381]
トップ                      0:[3, 384, 405, 656]
下                        0:[2, 385, 657]
先発                       0:[1, 387];1:[1, 207]
以後                       0:[1, 390]
定着                       0:[1, 393];3:[1, 518]
リーグ                      0:[8, 396, 528, 569, 584, 678, 719, 1075, 1337];1:[5, 133, 152, 172, 199, 265];2:[2, 192, 228];3:[9, 33, 219, 250, 321, 579, 633, 1008, 1098, 1110]
30                       0:[1, 398]
7                        0:[3, 407, 1170, 1286];2:[1, 13];3:[1, 1034]
記録                       0:[4, 410, 708, 769, 777];3:[2, 278, 326]
する                       0:[5, 411, 441, 634, 737, 1524];1:[1, 127];2:[1, 363];3:[4, 164, 374, 554, 811];4:[2, 90, 558]
低迷                       0:[1, 415];3:[1, 384]
逃し                       0:[1, 422]
2012                     0:[2, 425, 503];3:[2, 191, 880];4:[1, 146]
25                       0:[3, 429, 1122, 1272];1:[1, 14]
アイン                      0:[1, 442]
トラ                       0:[1, 443]
ハト                       0:[1, 444]
フランクフルト                  0:[1, 446]
合意                       0:[1, 452]
両                        0:[1, 455];4:[1, 619]
公式                       0:[3, 458, 1394, 1487];1:[1, 293];3:[3, 110, 245, 273]
発表                       0:[3, 459, 983, 1105];1:[1, 315];3:[3, 422, 439, 469];4:[1, 639]
さ                        0:[10, 460, 936, 984, 1106, 1200, 1281, 1325, 1406, 1434, 1471];1:[3, 190, 240, 297];2:[5, 4, 182, 392, 420, 435];3:[15, 187, 302, 440, 509, 598, 621, 712, 748, 830, 890, 936, 1066, 1121, 1128, 1142];4:[4, 206, 213, 371, 568]
9                        0:[4, 464, 642, 1175, 1410];1:[1, 260];3:[1, 560]
16                       0:[4, 466, 877, 881, 1380];3:[1, 743]
ホーム                      0:[1, 469]
ハンブルガー                   0:[1, 471]
SV                       0:[1, 472]
ブンデスリーガ                  0:[2, 475, 508]
初                        0:[11, 476, 680, 705, 793, 889, 1077, 1130, 1156, 1262, 1328, 1347];1:[1, 188];2:[1, 272];3:[9, 167, 275, 323, 581, 644, 679, 710, 1126, 1167]
ゴール                      0:[8, 477, 487, 494, 517, 920, 1157, 1184, 1497];3:[2, 269, 616]
その後                      0:[1, 482]
連続                       0:[2, 493, 759]
達成                       0:[2, 496, 1138];3:[4, 163, 584, 650, 911]
最終                       0:[3, 500, 566, 804];3:[3, 251, 410, 993]
的                        0:[3, 501, 567, 1518];3:[1, 846];4:[2, 591, 662]
13                       0:[2, 505, 698];3:[1, 315]
日本人                      0:[5, 511, 774, 819, 1128, 1430];3:[1, 52];4:[1, 692]
最多                       0:[2, 513, 775]
なる                       0:[4, 515, 923, 1132, 1367];3:[1, 867];4:[1, 124]
挙げる                      0:[1, 519];3:[1, 779]
見せ                       0:[3, 522, 731, 1400];2:[1, 366];3:[1, 783]
UEFA                     0:[1, 526]
ヨーロッパ                    0:[1, 527]
権                        0:[1, 530]
獲得                       0:[1, 531];1:[2, 118, 226];2:[1, 287];3:[1, 982];4:[1, 398]
2013                     0:[1, 537];3:[2, 282, 949]
序盤                       0:[1, 543];2:[1, 236]
こそ                       0:[1, 544];2:[1, 317];3:[1, 840];4:[1, 582]
あっ                       0:[1, 548];3:[3, 396, 493, 766]
徐々に                      0:[1, 552]
出番                       0:[1, 553];4:[1, 583]
減り                       0:[1, 555]
28                       0:[1, 557];3:[1, 212]
なく                       0:[1, 564];3:[1, 610];4:[1, 651]
無得点                      0:[1, 573]
終わっ                      0:[1, 575];4:[1, 462]
2014                     0:[2, 578, 1237];1:[1, 143];4:[2, 155, 190]
15                       0:[1, 580];3:[1, 562];4:[1, 15]
点                        0:[4, 590, 915, 925, 1364];3:[1, 1029]
留まっ                      0:[1, 592]
通し                       0:[1, 597]
確保                       0:[1, 602]
2015                     0:[2, 606, 640];1:[1, 230];3:[2, 330, 424];4:[1, 306]
27                       0:[1, 610]
リーガ・エスパニョーラ              0:[5, 613, 647, 669, 772, 1133]
SD                       0:[1, 615]
エイ                       0:[4, 616, 869, 1040, 1179]
バル                       0:[4, 617, 870, 1041, 1180]
念願                       0:[1, 624]
だっ                       0:[1, 625];2:[2, 239, 320];3:[2, 139, 860];4:[1, 64]
という                      0:[1, 627];2:[1, 402];3:[1, 733];4:[1, 299]
スペイン                     0:[1, 628]
実現                       0:[1, 633]
なっ                       0:[6, 637, 1053, 1080, 1252, 1452, 1480];1:[1, 140];3:[3, 310, 377, 1101]
レバンテ                     0:[2, 651, 1065]
UD                       0:[2, 652, 1066]
において                     0:[1, 654];2:[1, 348]
スタメン                     0:[2, 658, 761];2:[2, 251, 335]
リーガデビュー                  0:[1, 660]
2016                     0:[3, 662, 683, 690];3:[3, 445, 988, 1001];4:[2, 333, 434]
10                       0:[2, 666, 1475];1:[1, 12];2:[2, 195, 444]
19                       0:[2, 671, 749];3:[3, 336, 367, 885]
RCD                      0:[1, 674]
エスパニョール                  0:[1, 675]
2017                     0:[5, 685, 712, 864, 1268, 1293];1:[2, 247, 258];2:[2, 378, 429];3:[2, 355, 452];4:[2, 357, 374]
26                       0:[1, 694];3:[1, 568]
レアル・ベティス                 0:[2, 701, 968]
今季                       0:[4, 704, 792, 888, 907]
アシスト                     0:[1, 706]
アトレティコ・マドリード             0:[1, 722]
キレ                       0:[1, 726]
ある                       0:[1, 728];2:[1, 26];3:[2, 592, 1044];4:[3, 187, 534, 658]
存在                       0:[1, 733]
感                        0:[1, 734]
発揮                       0:[1, 736]
敗戦                       0:[1, 739]
22                       0:[1, 745];3:[2, 896, 1160]
バルセロナ                    0:[5, 753, 808, 822, 830, 948]
大久保                      0:[1, 766]
嘉人                       0:[1, 767]
塗り替える                    0:[1, 771]
における                     0:[1, 773];1:[1, 321];2:[1, 460]
更新                       0:[1, 779]
ビジャレアル                   0:[2, 788, 1149]
CF                       0:[3, 789, 885, 1150]
21                       0:[2, 801, 1195];1:[1, 251]
として                      0:[1, 820];1:[1, 238];2:[5, 80, 109, 216, 258, 311];3:[4, 75, 500, 959, 1137]
初めて                      0:[1, 821]
奪っ                       0:[1, 826]
大きく                      0:[1, 839];1:[1, 103];2:[1, 275]
報じ                       0:[1, 840]
岡崎                       0:[1, 846]
慎                        0:[1, 847]
司                        0:[1, 848]
「                        0:[3, 851, 1003, 1046];2:[3, 281, 307, 398];3:[2, 211, 721];4:[1, 642]
小僧                       0:[1, 853]
伝説                       0:[1, 855]
残し                       0:[1, 856];3:[1, 1091];4:[1, 302]
」                        0:[3, 858, 1005, 1048];2:[3, 285, 310, 413];3:[2, 213, 732];4:[1, 697]
語ら                       0:[1, 860]
18                       0:[1, 866];1:[1, 147];2:[2, 123, 135];3:[1, 868]
目                        0:[3, 873, 921, 1365];2:[1, 189];3:[1, 1156];4:[1, 184]
バレンシア                    0:[1, 884]
0                        0:[2, 894, 1437];3:[1, 259]
]。                       0:[10, 895, 930, 960, 988, 1056, 1110, 1171, 1189, 1438, 1483]
続く                       0:[2, 896, 1174]
ジローナ                     0:[1, 901]
リーガ                      0:[1, 908]
最速                       0:[1, 909]
41                       0:[1, 910]
秒                        0:[1, 911]
先制                       0:[1, 914];3:[1, 1028]
リーガエスパニョーラ               0:[1, 917]
通算                       0:[2, 918, 1134];3:[1, 635]
70000                    0:[1, 919]
追加                       0:[2, 924, 1469];3:[1, 1064]
これら                      0:[1, 931]
評価                       0:[1, 935];3:[1, 1120];4:[1, 539]
月間                       0:[1, 942]
MVP                      0:[1, 943]
候補                       0:[1, 945]
ルイス・スアレス                 0:[1, 950]
デポルティーボ・アラベス             0:[2, 952, 1095]
イバイ・ゴメス                  0:[1, 954]
と共に                      0:[1, 955];2:[1, 306]
選ば                       0:[1, 956]
2018                     0:[3, 961, 1312, 1317];1:[1, 301];3:[1, 525];4:[3, 465, 499, 630]
2021                     0:[1, 970]
締結                       0:[1, 978]
会見                       0:[1, 990];4:[1, 640]
プレシーズン                   0:[1, 992]
マッチ                      0:[1, 993]
ロシア                      0:[2, 997, 1420]
W                        0:[1, 998]
杯                        0:[1, 999]
同じ                       0:[2, 1001, 1044]
背番号                      0:[5, 1002, 1026, 1045, 1111, 1474];3:[4, 199, 334, 366, 477]
付け                       0:[1, 1007]
き                        0:[1, 1020];4:[1, 6]
ウィリアム                    0:[1, 1022]
カルヴァーリョ                  0:[2, 1024, 1034]
希望                       0:[1, 1029]
番                        0:[2, 1037, 1114];4:[2, 653, 672]
譲り                       0:[1, 1039];3:[1, 369]
付ける                      0:[1, 1050]
事                        0:[1, 1051]
ラ・リーガ                    0:[1, 1062]
開幕                       0:[1, 1063];3:[3, 220, 285, 1112]
にて                       0:[2, 1068, 1296];1:[1, 295]
途中                       0:[3, 1069, 1206, 1297];1:[1, 158];3:[2, 391, 1076]
2019                     0:[3, 1083, 1439, 1463];3:[2, 654, 1104]
24                       0:[1, 1087];4:[1, 195]
求め                       0:[1, 1093]
セルタ・デ・ビーゴ                0:[1, 1125]
史上                       0:[1, 1129];3:[1, 488]
100                      0:[1, 1135]
]                        0:[1, 1143]
勝利                       0:[1, 1166];3:[2, 688, 913]
導い                       0:[1, 1168]
更                        0:[1, 1172]
古巣                       0:[1, 1178]
2006                     0:[1, 1190]
U                        0:[1, 1193];2:[2, 121, 133];3:[8, 741, 795, 823, 883, 894, 952, 997, 1013]
選出                       0:[6, 1199, 1280, 1324, 1405, 1418, 1433];1:[2, 189, 239];3:[8, 186, 711, 747, 829, 889, 1005, 1127, 1141];4:[2, 205, 567]
20                       0:[1, 1215];1:[2, 173, 305];3:[1, 954]
アジア                      0:[2, 1218, 1461];2:[4, 116, 143, 220, 438];3:[1, 897]
カップ                      0:[3, 1219, 1256, 1462];2:[1, 221];3:[1, 898]
カタール                     0:[1, 1221]
予選                       0:[1, 1224];1:[1, 198];3:[2, 899, 994]
イエメン                     0:[1, 1226]
金崎                       0:[1, 1229]
夢                        0:[1, 1230]
生                        0:[1, 1231]
A                        0:[1, 1233];1:[1, 268];3:[1, 1138]
約                        0:[1, 1244];3:[1, 294]
復帰                       0:[2, 1250, 1307];3:[3, 307, 363, 450]
キリン                      0:[1, 1254]
チャレンジ                    0:[1, 1255]
ホンジュラス                   0:[1, 1258]
メンバー                     0:[3, 1278, 1322, 1467];2:[1, 179];3:[3, 1003, 1042, 1060]
行わ                       0:[1, 1289];2:[1, 295]
キリンチャレンジカップ              0:[1, 1292]
シリア                      0:[1, 1294]
FIFA                     0:[2, 1318, 1393];3:[1, 794]
ワールドカップ                  0:[4, 1319, 1330, 1345, 1421];1:[1, 233];2:[1, 298];3:[1, 798]
自身                       0:[2, 1327, 1346];3:[1, 643]
入り                       0:[1, 1332];3:[2, 577, 641]
グループ                     0:[1, 1336];3:[3, 249, 1007, 1097]
セネガル                     0:[1, 1342]
決勝                       0:[1, 1353];3:[3, 134, 268, 1021];4:[2, 223, 416]
トーナメント                   0:[1, 1354];3:[1, 1022]
ベルギー                     0:[1, 1358]
ミドルシュート                  0:[2, 1368, 1508]
逆転                       0:[1, 1376];3:[1, 264]
敗れ                       0:[1, 1378];4:[1, 455]
ベスト                      0:[1, 1379];2:[2, 282, 350];3:[2, 170, 872]
去っ                       0:[1, 1384]
による                      0:[1, 1395]
驚き                       0:[1, 1396]
人                        0:[1, 1403];3:[2, 48, 1155];4:[1, 183]
ほか                       0:[1, 1409]
]、                       0:[1, 1411]
イギリス                     0:[1, 1412]
『                        0:[1, 1414];4:[2, 84, 522]
テレ                       0:[1, 1415]
グラフ                      0:[1, 1416]
』                        0:[1, 1417];4:[2, 87, 536]
50                       0:[1, 1426];3:[1, 478]
唯一                       0:[1, 1432]
練習                       0:[1, 1446];3:[1, 99]
中                        0:[1, 1447];2:[1, 76];3:[1, 138];4:[1, 56]
負傷                       0:[1, 1449]
離脱                       0:[1, 1450];3:[1, 299]
中島                       0:[1, 1454]
翔                        0:[1, 1455]
哉                        0:[1, 1456]
代わり                      0:[1, 1458]
AFC                      0:[1, 1460];3:[2, 893, 996]
召集                       0:[1, 1470]
背負う                      0:[1, 1477]
その他                      0:[1, 1484]
国際                       0:[1, 1486];3:[1, 751];4:[1, 523]
攻撃                       0:[1, 1489];4:[2, 621, 661]
面                        0:[2, 1490, 1513]
サイド                      0:[1, 1494]
切り込み                     0:[1, 1496]
見                        0:[1, 1499];3:[1, 727]
45                       0:[1, 1501]
度                        0:[1, 1502]
付近                       0:[1, 1503]
曲げ                       0:[1, 1506]
得意                       0:[2, 1510, 1522];1:[1, 125]
守備                       0:[2, 1512, 1520]
戦略                       0:[1, 1517]
な                        0:[1, 1519];2:[2, 6, 7];3:[4, 86, 97, 847, 1027];4:[1, 663]
内瀬戸                      1:[2, 0, 311]
真実                       1:[1, 1]
うち                       1:[1, 3];4:[1, 117]
せ                        1:[1, 4]
まみ                       1:[1, 6]
女性                       1:[1, 8];2:[1, 9]
1991                     1:[1, 10]
バレーボール                   1:[3, 22, 96, 264];2:[4, 23, 62, 118, 137];4:[1, 100]
V                        1:[5, 25, 131, 150, 171, 319];2:[2, 32, 458];3:[1, 529]
.                        1:[1, 26];2:[1, 33]
LEAGUE                   1:[1, 27];2:[1, 34]
Division                 1:[1, 28]
トヨタ車体                    1:[2, 31, 308]
クインシーズ                   1:[2, 32, 309]
いる                       1:[2, 37, 81];2:[1, 44];3:[1, 725];4:[3, 246, 304, 686]
宮崎                       1:[1, 40];4:[1, 624]
延岡                       1:[1, 42]
延岡学園                     1:[1, 46]
高校                       1:[1, 47]
インターハイ                   1:[1, 58];2:[1, 91]
春                        1:[1, 60];2:[1, 87]
高                        1:[1, 61];2:[1, 88]
バレー                      1:[1, 62];2:[2, 89, 299]
同校                       1:[1, 70]
先輩                       1:[1, 75]
新                        1:[1, 77];2:[1, 303]
鍋                        1:[1, 78];2:[1, 304]
理沙                       1:[1, 79];2:[1, 305]
卒業                       1:[1, 83]
鹿屋体育大学                   1:[1, 86]
次                        1:[1, 92];4:[3, 252, 339, 363]
全日本                      1:[2, 95, 211];2:[4, 176, 213, 368, 381];4:[3, 129, 470, 488]
大学                       1:[1, 97]
男女                       1:[1, 98]
自ら                       1:[1, 107];2:[2, 279, 451]
賞                        1:[4, 110, 113, 116, 177];2:[1, 284]
ブロック                     1:[1, 112]
および                      1:[1, 114];2:[1, 90]
レシーブ                     1:[1, 115]
ドライブ                     1:[1, 122]
サーブ                      1:[1, 123];4:[1, 108]
同月                       1:[2, 129, 182];2:[1, 175]
プレミア                     1:[3, 132, 151, 161];2:[2, 191, 227]
日立                       1:[2, 134, 254]
リヴァーレ                    1:[1, 135]
内定                       1:[1, 137];2:[1, 163]
パイオニア                    1:[1, 155]
飾っ                       1:[1, 164]
周年                       1:[1, 174]
ニュー                      1:[1, 175]
ヒロイン                     1:[1, 176]
輝い                       1:[1, 179]
翌月                       1:[1, 194]
モントルーバレーマスターズ            1:[1, 196];2:[1, 268]
アメリカ合衆国                  1:[1, 204]
ワールド                     1:[1, 221]
グランプリ                    1:[1, 222]
銀メダル                     1:[1, 224]
退団                       1:[1, 256]
イタリア                     1:[3, 263, 271, 279];4:[3, 262, 268, 367]
セリエ                      1:[1, 267]
語                        1:[2, 272, 280]
版                        1:[2, 273, 281]
ヘルマエア・オルビア               1:[1, 277]
決まっ                      1:[1, 287]
クラブ                      1:[1, 291];3:[3, 487, 1048, 1107];4:[2, 83, 86]
Facebook                 1:[1, 294]
アナウンス                    1:[1, 296]
プレミアリーグレギュラーラウンド         1:[1, 320];2:[1, 459]
個人                       1:[1, 322];2:[1, 461]
成績                       1:[1, 323];2:[1, 462]
下記                       1:[1, 325];2:[1, 464]
通り                       1:[1, 327];2:[1, 466]
岩坂                       2:[2, 0, 396]
名奈                       2:[1, 1]
いわ                       2:[1, 3]
1990                     2:[1, 11]
ニックネーム                   2:[1, 28]
ナナ                       2:[1, 30]
DiVision                 2:[1, 35]
久光製薬                     2:[2, 38, 160]
スプリングス                   2:[2, 39, 161]
南                        2:[1, 50]
区                        2:[1, 51]
両親                       2:[1, 54]
影響                       2:[1, 56]
小学                       2:[1, 58]
始める                      2:[1, 64]
東                        2:[1, 69]
九州                       2:[1, 70]
龍                        2:[1, 71]
谷                        2:[1, 72]
在学                       2:[1, 75];4:[1, 55]
ミドルブロッカー                 2:[1, 79]
松浦                       2:[1, 83]
寛子                       2:[1, 84]
国体                       2:[1, 94]
準                        2:[1, 95];4:[3, 297, 459, 597]
など                       2:[2, 97, 149];3:[1, 165];4:[4, 111, 442, 520, 596]
また                       2:[1, 103];4:[3, 189, 248, 623]
ユース                      2:[3, 104, 117, 130];3:[2, 70, 752]
ジュニア                     2:[2, 107, 144];3:[1, 69];4:[6, 259, 263, 377, 437, 477, 511]
女子                       2:[4, 119, 131, 145, 177];4:[12, 23, 136, 150, 159, 167, 219, 276, 288, 350, 389, 478, 491]
(                        2:[2, 120, 132]
)                        2:[2, 124, 136]
世界                       2:[1, 129];4:[7, 376, 436, 510, 546, 562, 577, 635]
なり                       2:[1, 166]
正式                       2:[1, 172]
登録                       2:[1, 181]
高卒                       2:[1, 186]
主                        2:[1, 199];3:[1, 394]
ピンチ                      2:[1, 201]
サーバー                     2:[3, 202, 283, 351]
とどまっ                     2:[1, 207]
2010                     2:[2, 210, 231];3:[1, 716];4:[1, 126]
B                        2:[1, 214];3:[1, 60]
控え                       2:[1, 238]
中盤                       2:[1, 244]
ベテラン                     2:[2, 246, 340]
先                        2:[1, 247]
野                        2:[1, 248]
久美子                      2:[1, 249]
奪う                       2:[1, 253]
そのまま                     2:[1, 256]
最年少                      2:[1, 308]
コンビ                      2:[1, 309];4:[1, 295]
注目                       2:[1, 312];3:[1, 786]
集める                      2:[1, 314]
初戦                       2:[1, 316];3:[3, 153, 308, 1070]
ベンチ                      2:[1, 318];3:[1, 388];4:[1, 588]
スタート                     2:[1, 319]
アルゼンチン                   2:[1, 328]
全                        2:[1, 332]
怪我                       2:[1, 338];3:[1, 813]
欠場                       2:[1, 343]
多かっ                      2:[1, 345]
部門                       2:[2, 352, 357]
位                        2:[2, 354, 359];4:[2, 393, 565]
ベストブロッカー                 2:[1, 356]
ランク                      2:[1, 361]
イン                       2:[1, 362]
主力                       2:[1, 370]
急                        2:[1, 373]
成長                       2:[1, 374]
中田                       2:[1, 385]
久美                       2:[1, 386]
監督                       2:[1, 387];3:[3, 94, 613, 739];4:[1, 63]
により                      2:[1, 388];3:[2, 364, 735];4:[2, 486, 505]
キャプテン                    2:[2, 389, 401]
指名                       2:[1, 391]
これ                       2:[1, 399];4:[1, 485]
やっ                       2:[1, 405];4:[1, 96]
ない                       2:[1, 409]
ので                       2:[1, 410]
驚い                       2:[1, 411]
語り                       2:[1, 415]
責任                       2:[1, 417]
重                        2:[1, 419]
決意                       2:[1, 422]
露                        2:[1, 424]
わに                       2:[1, 425]
開催                       2:[1, 434];3:[1, 859];4:[2, 212, 370]
導き                       2:[1, 449]
ベストミドルブロッカー              2:[1, 453]
耀い                       2:[1, 455]
鈴木                       3:[4, 0, 588, 627, 1062]
武蔵                       3:[1, 1]
すずき                      3:[1, 3]
むさし                      3:[1, 4]
1994                     3:[1, 6]
群馬                       3:[2, 16, 131]
太田                       3:[1, 18]
出生                       3:[1, 22]
地                        3:[1, 23]
ジャマイカ                    3:[2, 25, 47]
北海道                      3:[3, 35, 658, 1131]
コンサドーレ                   3:[3, 36, 659, 1132]
札幌                       3:[3, 37, 660, 1133]
父                        3:[1, 50]
母                        3:[1, 54];4:[1, 94]
持つ                       3:[1, 56]
血液                       3:[1, 58]
型                        3:[2, 59, 61]
中学                       3:[1, 63]
おお                       3:[1, 67]
初代                       3:[1, 72]
団                        3:[1, 73]
員                        3:[1, 74]
桐生                       3:[1, 78]
第一高等学校                   3:[1, 79]
あまりに                     3:[1, 84]
荒削り                      3:[1, 85]
見かね                      3:[1, 89]
小林                       3:[2, 91, 719]
勉                        3:[1, 92]
総                        3:[1, 93]
徹底的                      3:[1, 96]
基礎                       3:[1, 98]
命じ                       3:[1, 101]
頃                        3:[1, 107]
全く                       3:[1, 109]
90                       3:[1, 123]
前橋                       3:[1, 141]
育英                       3:[1, 142]
下し                       3:[1, 146];4:[2, 239, 283]
島根                       3:[1, 154]
大社                       3:[1, 156]
進出                       3:[3, 173, 874, 1023];4:[2, 226, 417]
躍進                       3:[1, 178]
支え                       3:[1, 180]
優秀                       3:[1, 183]
アルビレックス                  3:[3, 194, 361, 447]
新潟                       3:[5, 195, 362, 448, 542, 755]
かつて                      3:[1, 202]
船越                       3:[1, 203]
優                        3:[1, 204]
蔵                        3:[1, 205]
着け                       3:[1, 207]
与え                       3:[1, 215]
右                        3:[1, 223]
膝                        3:[1, 224]
半月                       3:[1, 225]
板                        3:[1, 226]
損傷                       3:[1, 228]
出遅れ                      3:[1, 230]
ヤマザキ                     3:[1, 239]
ナビスコカップ                  3:[1, 240]
清水                       3:[1, 241]
エスパルス                    3:[1, 242]
大宮                       3:[1, 253]
アルディージャ                  3:[1, 254]
劇                        3:[1, 265]
締めくくる                    3:[1, 267]
直後                       3:[1, 286]
左足                       3:[2, 288, 923]
関節                       3:[2, 289, 924]
捻挫                       3:[1, 291]
ヶ月                       3:[2, 296, 933]
間                        3:[1, 297]
余儀なく                     3:[1, 301]
川崎                       3:[1, 317]
フロンターレ                   3:[1, 318]
変更                       3:[1, 338]
結果                       3:[2, 344, 1089];4:[1, 300]
出せ                       3:[1, 346]
ず                        3:[2, 347, 771]
苦悩                       3:[1, 349]
送る                       3:[1, 353];4:[1, 595]
矢野                       3:[1, 358]
貴章                       3:[1, 359]
49                       3:[1, 371]
着用                       3:[2, 373, 480]
同時に                      3:[1, 386]
状況                       3:[1, 400]
抜け出そ                     3:[1, 402]
う                        3:[1, 403]
夏                        3:[1, 406]
期間                       3:[1, 408]
松本                       3:[3, 413, 471, 514]
山                        3:[3, 414, 472, 545]
雅                        3:[4, 415, 461, 473, 546]
電撃                       3:[1, 418]
レンタル                     3:[1, 419]
水戸                       3:[1, 431]
ホーリーホック                  3:[1, 432]
松                        3:[1, 459]
本山                       3:[1, 460]
番号                       3:[1, 484]
同                        3:[1, 486]
最も                       3:[1, 489]
大きい                      3:[1, 490]
数字                       3:[1, 491]
リオ                       3:[2, 496, 991]
五輪                       3:[2, 497, 992]
アップ                      3:[1, 506]
期待                       3:[1, 508]
ファー                      3:[1, 531]
レン                       3:[1, 532]
長崎                       3:[1, 533]
サポーター                    3:[2, 543, 547]
下馬評                      3:[1, 549]
払拭                       3:[1, 553]
大                        3:[3, 555, 780, 812];4:[2, 445, 570]
見せる                      3:[1, 558]
名古屋                      3:[1, 572]
グランパス                    3:[1, 573]
特徴                       3:[1, 590]
スピード                     3:[2, 593, 848]
フィジカル                    3:[1, 595];4:[1, 688]
強                        3:[1, 597]
戦術                       3:[1, 603]
はまり                      3:[1, 605]
それ                       3:[2, 607, 759]
だけ                       3:[1, 608]
高木                       3:[1, 612]
によって                     3:[1, 614]
前                        3:[1, 617]
正確                       3:[1, 620]
手                        3:[1, 623]
降格                       3:[1, 630]
ケタ                       3:[1, 647]
浦和レッズ                    3:[1, 674]
含む                       3:[1, 682]
面白い                      3:[1, 722]
やつ                       3:[1, 723]
み                        3:[1, 729];4:[1, 8]
よ                        3:[1, 731]
進言                       3:[1, 734]
吉武                       3:[1, 737]
博文                       3:[1, 738]
率いる                      3:[1, 740]
in                       3:[1, 754]
無名                       3:[1, 762]
関わら                      3:[1, 770]
一躍                       3:[1, 785]
浴び                       3:[1, 788]
スロバキア                    3:[1, 801]
遠征                       3:[1, 802]
肋骨                       3:[1, 804]
本                        3:[2, 806, 819];4:[1, 216]
腰椎                       3:[1, 808]
骨折                       3:[2, 810, 926]
負っ                       3:[1, 815]
戦う                       3:[1, 822]
計                        3:[1, 833]
爆発                       3:[1, 845]
対戦                       3:[1, 850]
国                        3:[1, 851]
圧倒                       3:[1, 855]
自国                       3:[1, 858]
1993                     3:[1, 862]
以来                       3:[2, 865, 1153]
参加                       3:[2, 901, 960]
マカオ                      3:[1, 906]
脱臼                       3:[1, 925]
重症                       3:[1, 928]
負い                       3:[1, 930]
全治                       3:[1, 931]
診断                       3:[1, 935]
残り                       3:[1, 939]
大半                       3:[1, 942]
棒                        3:[1, 944]
振っ                       3:[1, 946]
一員                       3:[1, 958]
東アジア                     3:[1, 966];4:[1, 197]
競技                       3:[1, 967]
銅メダル                     3:[1, 981];4:[1, 395]
兼                        3:[1, 995]
タイ                       3:[1, 1016]
決める                      3:[1, 1025]
貴重                       3:[1, 1026]
リオデジャネイロ                 3:[1, 1039]
オリンピック                   3:[1, 1040]
久保                       3:[1, 1045]
裕也                       3:[1, 1046]
兼ね合い                     3:[1, 1051]
辞退                       3:[1, 1055]
バックアップ                   3:[1, 1059]
招集                       3:[1, 1065]
ナイジェリア                   3:[1, 1072]
1999                     3:[1, 1147]
吉原                       3:[1, 1150]
宏                        3:[1, 1151]
コロンビア                    3:[1, 1163]
長                        4:[2, 0, 628]
﨑                        4:[1, 1]
美                        4:[6, 2, 69, 280, 405, 427, 507]
柚                        4:[4, 3, 70, 428, 508]
ながさ                      4:[1, 5]
ゆう                       4:[1, 9]
2002                     4:[1, 11]
卓球                       4:[11, 24, 61, 82, 119, 130, 199, 346, 378, 471, 503, 547]
JOC                      4:[2, 27, 316]
エリート                     4:[2, 28, 317]
アカデミー                    4:[2, 29, 318]
神奈川                      4:[2, 32, 77]
海老名                      4:[2, 34, 38]
市立                       4:[1, 39]
大谷                       4:[1, 40]
小学校                      4:[2, 41, 249]
北                        4:[2, 43, 323]
区立                       4:[2, 44, 324]
稲                        4:[2, 45, 325]
付                        4:[2, 46, 326]
中学校                      4:[6, 47, 327, 336, 345, 360, 516]
経                        4:[1, 49]
大原学園                     4:[1, 52]
祖父                       4:[1, 58]
神奈川大学                    4:[1, 60]
歳                        4:[1, 73]
時                        4:[2, 75, 256]
藤沢                       4:[1, 79]
岸田                       4:[1, 85]
入会                       4:[1, 89]
当初                       4:[1, 92]
やり                       4:[1, 102]
がっ                       4:[1, 104]
お菓子                      4:[1, 110]
当てる                      4:[1, 113]
ゲーム                      4:[1, 114]
やる                       4:[1, 116]
のめり込む                    4:[1, 121]
よう                       4:[1, 122]
ホープス・カブ・バンビ              4:[2, 133, 168]
バンビ                      4:[1, 137]
果たす                      4:[3, 143, 355, 483]
カブ                       4:[1, 151]
ホープス                     4:[2, 160, 198]
制覇                       4:[4, 164, 173, 242, 497]
三                        4:[1, 170]
冠                        4:[1, 171]
福原                       4:[1, 178]
愛                        4:[1, 179]
次いで                      4:[1, 181]
大阪                       4:[1, 209]
府                        4:[1, 210]
シングルス                    4:[4, 220, 277, 351, 479]
安                        4:[1, 229]
韶姸                       4:[1, 230]
大韓民国                     4:[1, 232]
最後                       4:[1, 254]
ITTF                     4:[1, 258]
サーキット                    4:[1, 260]
＆                        4:[1, 264]
カデット                     4:[1, 265]
オープン                     4:[1, 266]
リニャーノ                    4:[1, 270]
木原                       4:[4, 279, 292, 404, 453]
悠                        4:[2, 281, 406]
ダブルス                     4:[2, 289, 390]
さらなる                     4:[1, 311]
レベルアップ                   4:[1, 312]
図る                       4:[1, 314]
べく                       4:[1, 315]
入所                       4:[1, 320]
入学                       4:[1, 329]
リーヴァ・デル・ガルダ              4:[1, 365]
加藤                       4:[3, 384, 401, 451]
美優                       4:[2, 385, 402]
組ん                       4:[2, 387, 410]
だ                        4:[2, 388, 411]
団体                       4:[2, 412, 549]
中華人民共和国                  4:[1, 421]
決戦                       4:[1, 424]
石                        4:[1, 430]
洵                        4:[1, 431]
瑶                        4:[1, 432]
女王                       4:[1, 438]
下す                       4:[1, 441]
健闘                       4:[1, 446]
ホープス・カブ・バンビ・ジュニア         4:[1, 492]
種目                       4:[1, 495]
協会                       4:[1, 504]
実績                       4:[1, 519]
潜在                       4:[1, 528]
性                        4:[1, 529]
能力                       4:[1, 531]
受け                       4:[2, 541, 573]
54                       4:[1, 544]
スウェーデン                   4:[1, 552]
ハルムスタッド                  4:[1, 554]
ランキング                    4:[1, 563]
130                      4:[1, 564]
抜擢                       4:[1, 571]
積極                       4:[1, 590]
声援                       4:[1, 593]
身長                       4:[1, 604]
160                      4:[1, 605]
cm                       4:[1, 606]
超える                      4:[1, 608]
恵まれ                      4:[1, 609]
体格                       4:[1, 611]
長い                       4:[1, 614]
リーチ                      4:[1, 615]
活かし                      4:[1, 617]
ハンド                      4:[2, 620, 665]
義仁                       4:[1, 625]
強化                       4:[1, 626]
本部                       4:[1, 627]
現時点                      4:[1, 643]
間違い                      4:[1, 650]
ボール                      4:[1, 654]
威力                       4:[2, 656, 675]
バック                      4:[1, 664]
チキータ                     4:[1, 669]
うまく                      4:[1, 673]
あり                       4:[1, 677]
最新                       4:[1, 679]
身                        4:[1, 682]
つけ                       4:[1, 684]
強い                       4:[1, 690]
離れ                       4:[1, 693]
評し                       4:[1, 699]
